Survey ID RA Dec zbest zflag beta_UV beta_UV_err beta_opt beta_opt_err mag444 m_uv M_UV
JADES 430 53.161372 -27.737666 6.79 0 -1.53 0.12 0.8 0.03 25.1 27.58 -19.31
JADES 534 53.158183 -27.739128 6.1 0 -1.32 0.25 2.02 0.06 25.58 28.57 -18.15
JADES 903 53.184783 -27.744047 5.05 0 -2.24 0.44 0.49 0.09 26.79 28.93 -17.48
JADES 2632 53.179218 -27.758732 5.98 0 -1.64 0.18 0.27 0.06 26.08 27.96 -18.73
JADES 3856 53.190768 -27.767884 7.33 0 -2.25 0.26 0.28 0.15 27.71 28.73 -18.28
JADES 4454 53.166111 -27.772041 6.34 0 -1.82 0.19 0.01 0.09 26.22 27.92 -18.86
JADES 4461 53.203994 -27.772098 7.51 0 -1.81 0.35 2.21 0.06 25.9 29.02 -18.02
JADES 6698 53.126898 -27.786151 7.24 0 -1.05 0.28 1.94 0.04 25.45 29.1 -17.89
JADES 6923 53.125427 -27.787437 4.99 0 -1.37 0.42 0.67 0.03 25.84 29.84 -16.56
JADES 8103 53.12142 -27.794912 7.51 0 -0.41 0.48 2.17 0.05 26.17 30.17 -16.88
JADES 8275 53.175596 -27.79589 5.59 0 -2.03 0.33 0.27 0.14 26.81 28.04 -18.54
JADES 8646 53.111539 -27.798072 4.15 0 -1.85 0.38 0.07 0.1 26.84 28.85 -17.23
JADES 10491 53.145293 -27.808666 2.89 0 -1.37 0.29 0.84 0.06 25.77 29.08 -16.37
JADES 11027 53.159331 -27.811751 4.87 0 -2.5 0.2 0.24 0.06 26.69 28.2 -18.15
JADES 11125 53.06768 -27.812331 4.63 0 -1.96 0.04 0.73 0.02 23.98 26.02 -20.25
JADES 12068 53.126537 -27.818091 5.92 1 -2.31 0.19 0.62 0.08 26.03 27.58 -19.09
JADES 14445 53.086974 -27.831901 6.16 0 -1.81 0.25 1.19 0.09 26.19 28.31 -18.43
JADES 14655 53.073157 -27.83313 7.33 0 -1.58 0.36 0.21 0.12 26.68 28.11 -18.9
JADES 15457 53.067296 -27.838335 6.43 0 -1.87 0.67 1.58 0.12 26.16 28.93 -17.87
JADES 16024 53.042427 -27.841818 4.69 0 -2.06 0.21 1.88 0.06 23.73 27.63 -18.66
JADES 17724 53.034904 -27.852188 4.36 0 -1.49 0.12 0.27 0.04 25.37 27.7 -18.47
JADES 17876 53.096419 -27.85309 5.29 0 -1.81 0.24 1.08 0.07 26.99 29.26 -17.23
JADES 18065 53.046014 -27.853993 8.14 0 -1.74 0.2 2.14 0.17 26.43 28.12 -19.05
JADES 19110 53.115315 -27.859219 3.7 0 -1.71 0.21 -0.01 0.06 25.36 28.18 -17.71
JADES 20532 53.124768 -27.866299 4.51 0 -1.38 0.11 0.52 0.04 24.37 27.39 -18.84
JADES 21540 53.064114 -27.870933 5.41 0 -2.67 0.42 1.89 0.07 25.84 28.34 -18.19
JADES 21598 53.087731 -27.871244 4.72 0 -1.81 0.31 1.14 0.07 26.86 28.99 -17.31
JADES 21925 53.08683 -27.873056 3.1 0 -1.41 0.14 1.27 0.03 22.69 26.99 -18.59
JADES 24052 53.074129 -27.883704 5.23 0 -1.82 0.38 0.23 0.07 25.98 27.96 -18.51
JADES 24287 53.036911 -27.884895 3.4 0 -1.25 0.11 0.02 0.03 24.68 27.22 -18.52
JADES 25547 53.119075 -27.892556 7.36 0 -1.75 0.8 1.81 0.17 25.93 28.5 -18.52
JADES 26901 53.097523 -27.901256 5.26 0 -1.5 0.12 0.64 0.04 24.28 26.89 -19.6
JADES 27709 53.076339 -27.909921 5.47 0 -2.15 0.37 1.33 0.1 25.36 27.98 -18.57
JADES 30318 53.096263 -27.901148 8.2 0 -2.11 0.25 1.31 0.42 27.72 28.73 -18.45
JADES 31938 53.108632 -27.895708 7.48 0 -2.29 3.16 1.66 0.38 28.14 30.09 -16.95
JADES 33140 53.039823 -27.891842 7.18 0 -2.71 0.42 0.07 0.25 28.99 29.71 -17.27
JADES 33225 53.0559 -27.891657 5.71 0 -2.18 0.45 1.59 0.18 27.61 29.37 -17.25
JADES 51898 53.101878 -27.810947 5.17 0 -1.07 0.96 0.88 0.14 26.26 29.78 -16.67
JADES 58277 53.133827 -27.828256 7.48 0 -1.73 1.68 2.84 0.22 27.09 30.41 -16.63
JADES 64894 53.060546 -27.848401 5.44 0 -1.86 0.4 0.63 0.2 26.89 28.79 -17.75
JADES 65849 53.108307 -27.851008 5.71 0 -2.64 0.67 0.87 0.25 27.68 29.05 -17.56
JADES 67592 53.072478 -27.855352 11.26 0 -0.81 0.31 2.23 0.38 28.56 30.12 -17.53
JADES 74394 53.14795 -27.75993 6.16 0 -2.38 0.58 1.02 0.2 27.65 29.66 -17.07
JADES 81234 53.144299 -27.779856 7.93 0 -1.17 1.1 1.16 0.15 27.58 29.66 -17.47
JADES 82209 53.197512 -27.782456 10.48 0 -1.8 0.28 0.6 0.49 28.62 29.49 -18.05
JADES 85727 53.138702 -27.792481 8.65 0 -2.24 0.4 3.01 0.46 28.78 30.43 -16.83
NGDEEP 1868 53.262517 -27.820981 4.45 0 -1.71 0.03 2.22 0.01 23.8 26.87 -19.34
NGDEEP 2510 53.227373 -27.828794 6.73 0 -1.82 0.14 1.27 0.04 25.4 27.94 -18.94
NGDEEP 3027 53.276239 -27.839022 6.04 0 -1.9 0.08 1.59 0.03 25.01 27.63 -19.08
NGDEEP 4524 53.243145 -27.862041 6.73 0 -2.34 0.12 0.98 0.05 25.43 27.18 -19.7
NGDEEP 5091 53.267687 -27.869338 8.89 0 -1.42 0.06 3.4 0.07 26.23 28.28 -19.02
NGDEEP 7057 53.220037 -27.804005 5.29 0 -2.31 0.19 1.08 0.09 27.11 28.58 -17.91
NGDEEP 9888 53.235335 -27.821536 8.29 0 -2.23 0.22 2.98 0.34 27.7 29.06 -18.14
NGDEEP 11365 53.235203 -27.832254 9.76 0 -1.83 0.72 5.04 0.52 28.45 31.13 -16.31
NGDEEP 12355 53.245764 -27.845503 4.45 0 -2.39 0.33 0.5 0.39 26.69 28.26 -17.94
NGDEEP 16817 53.250314 -27.870406 6.28 0 -2.28 1.01 1.74 0.26 28.07 30.84 -15.92
